      0/79    0.361G    0.1292  0.008187         0    0.1374        36       160  0.001976      0.18  0.001065 0.0001494   0.07686  0.007978         0
      1/79    0.361G    0.1189   0.01071         0    0.1297        39       160   0.03789      0.02  0.002536  0.000404   0.06938   0.01003         0
      2/79    0.363G    0.1117   0.01241         0    0.1242        32       160   0.06171     0.005   0.00336 0.0005545   0.06339   0.01125         0
      3/79    0.363G    0.1043   0.01363         0    0.1179        41       160   0.05189     0.055   0.01243  0.001909   0.05747   0.01181         0
      4/79    0.363G   0.08709   0.01519         0    0.1023        34       160    0.2691    0.3369    0.2129   0.04262   0.04434   0.01214         0
      5/79    0.363G   0.06667   0.01435         0   0.08102        40       160    0.5692     0.625    0.6065    0.1696   0.03597  0.009682         0
      6/79    0.363G    0.0599   0.01272         0   0.07262        36       160    0.7486     0.795    0.8396    0.4466   0.03303  0.009003         0
      7/79    0.363G   0.05504   0.01229         0   0.06733        38       160    0.8953     0.775       0.9    0.5342   0.02998  0.008693         0
      8/79    0.363G   0.05087   0.01188         0   0.06274        37       160    0.7007    0.7842    0.8232    0.5122   0.02976  0.007832         0
      9/79    0.363G   0.04773    0.0114         0   0.05913        40       160    0.8652     0.835    0.9245    0.6163   0.02839   0.00802         0
     10/79    0.363G   0.04567   0.01063         0    0.0563        39       160    0.9548    0.8447    0.9481    0.6614    0.0236  0.007166         0
     11/79    0.363G   0.04308   0.01033         0   0.05341        40       160    0.9206     0.935    0.9663    0.6692   0.02464  0.007309         0
     12/79    0.363G   0.03978  0.009674         0   0.04945        34       160    0.9795     0.955    0.9871    0.7785   0.02098  0.005789         0
     13/79    0.363G   0.03906  0.009048         0   0.04811        36       160     0.954      0.94    0.9745     0.648   0.02712    0.0057         0
     14/79    0.363G   0.03728  0.008603         0   0.04589        46       160    0.9898      0.97    0.9921    0.7627    0.0138   0.00513         0
     15/79    0.363G   0.03687  0.008453         0   0.04532        42       160    0.9677       0.9    0.9472    0.5751   0.03177  0.004915         0
     16/79    0.363G   0.03504   0.00826         0    0.0433        38       160    0.9701     0.975    0.9908    0.7112   0.01846  0.004996         0
     17/79    0.363G   0.04269  0.008421         0   0.05111        44       160    0.9373      0.98    0.9788    0.7206   0.02015  0.005282         0
     18/79    0.363G   0.03809  0.008156         0   0.04625        38       160         1     0.985    0.9946    0.7345    0.0211  0.004711         0
     19/79    0.363G    0.0368  0.007977         0   0.04478        46       160      0.98      0.98    0.9897    0.7579   0.01351  0.004675         0
     20/79    0.363G   0.03311  0.007621         0   0.04073        39       160    0.9998      0.99     0.995    0.7992   0.01735  0.003993         0
     21/79    0.363G   0.03384  0.007326         0   0.04117        46       160    0.9734     0.915    0.9709     0.694   0.01916  0.004709         0
     22/79    0.363G   0.03182  0.007278         0    0.0391        37       160    0.9745    0.9547    0.9811    0.7094   0.01993  0.004464         0
     23/79    0.363G   0.03056  0.007186         0   0.03774        41       160         1    0.9698    0.9901    0.7668   0.01376  0.004007         0
     24/79    0.363G   0.03128  0.006995         0   0.03828        47       160         1     0.945    0.9835    0.7315   0.01582   0.00434         0
     25/79    0.363G   0.02988  0.006881         0   0.03676        36       160         1    0.9899    0.9929    0.7954   0.01838  0.003778         0
     26/79    0.363G   0.02845  0.006758         0   0.03521        33       160    0.9949    0.9849    0.9941    0.8331   0.01328  0.003626         0
     27/79    0.363G   0.02745   0.00673         0   0.03418        44       160    0.9901         1    0.9951    0.8277   0.01279  0.003296         0
     28/79    0.363G   0.02681  0.006417         0   0.03322        44       160    0.9949    0.9749    0.9946    0.8152   0.01068  0.003435         0
     29/79    0.363G   0.02581  0.006452         0   0.03226        41       160         1    0.9899    0.9951    0.8211   0.01055  0.003234         0
     30/79    0.363G   0.02512   0.00643         0   0.03155        41       160     0.995    0.9949    0.9951    0.8473   0.01239  0.003539         0
     31/79    0.363G   0.02484  0.006354         0   0.03119        45       160     0.984    0.9248    0.9436     0.745   0.01446  0.004612         0
     32/79    0.363G   0.02438  0.006313         0   0.03069        54       160    0.9999      0.97    0.9943    0.8386   0.01032  0.003245         0
     33/79    0.363G   0.02313  0.006093         0   0.02922        45       160    0.9804         1    0.9952    0.8679   0.01055  0.003112         0
     34/79    0.363G   0.02264  0.005828         0   0.02847        38       160         1         1    0.9954    0.8745  0.008492  0.002893         0
     35/79    0.363G   0.02149   0.00573         0   0.02722        42       160      0.99     0.995    0.9953    0.8526   0.01009  0.002958         0
     36/79    0.363G     0.021  0.005651         0   0.02665        41       160     0.995     0.995    0.9954    0.8647  0.009163  0.002846         0
     37/79    0.363G   0.02235  0.005503         0   0.02785        49       160         1         1    0.9955    0.8811  0.007762  0.002722         0
     38/79    0.363G   0.02125   0.00538         0   0.02663        42       160         1         1    0.9955    0.8837  0.007194  0.002555         0
     39/79    0.363G   0.02038  0.005561         0   0.02594        31       160    0.9851         1    0.9951    0.8581  0.008921   0.00316         0
     40/79    0.363G   0.01934  0.005557         0    0.0249        47       160     0.995     0.995    0.9956    0.8705  0.007798  0.002728         0
     41/79    0.363G   0.01966  0.005148         0   0.02481        36       160         1     0.995    0.9956    0.8789  0.007628  0.002754         0
     42/79    0.363G   0.02036  0.005388         0   0.02575        44       160         1      0.99    0.9955    0.8827  0.008013  0.002683         0
     43/79    0.363G   0.01816  0.005078         0   0.02324        42       160         1         1    0.9955    0.8998  0.007357  0.002649         0
     44/79    0.363G   0.01804  0.005108         0   0.02315        46       160         1         1    0.9955    0.8745  0.008083  0.002695         0
     45/79    0.363G   0.01814  0.005045         0   0.02318        38       160    0.9949     0.985     0.994     0.869  0.007722  0.002603         0
     46/79    0.363G   0.01733  0.004943         0   0.02227        55       160         1     0.985    0.9953    0.8728  0.007983  0.002593         0
     47/79    0.363G   0.01651  0.004782         0   0.02129        42       160     0.995         1    0.9956    0.8955   0.00658   0.00241         0
     48/79    0.363G   0.01667  0.004897         0   0.02157        39       160         1     0.995    0.9955    0.9087  0.007053  0.002424         0
     49/79    0.363G   0.01639  0.004922         0   0.02132        40       160         1         1    0.9955    0.9006  0.006159  0.002345         0
     50/79    0.363G   0.01591  0.004765         0   0.02067        39       160     0.995         1    0.9956    0.8958  0.006166  0.002278         0
     51/79    0.363G   0.01514  0.004608         0   0.01975        41       160     0.995         1    0.9955    0.8947  0.006529  0.002303         0
     52/79    0.363G   0.01553  0.004605         0   0.02013        40       160         1         1    0.9957    0.8913  0.006709  0.002225         0
     53/79    0.363G   0.01539  0.004589         0   0.01997        47       160         1     0.995    0.9956    0.9021  0.006841  0.002344         0
     54/79    0.363G   0.01467  0.004457         0   0.01913        42       160         1         1    0.9955     0.913  0.006103  0.002199         0
     55/79    0.363G   0.01507  0.004582         0   0.01965        44       160         1     0.995    0.9957    0.8973  0.006468  0.002288         0
     56/79    0.363G   0.01461  0.004327         0   0.01894        41       160     0.995         1    0.9957    0.9034  0.006059  0.002213         0
     57/79    0.363G   0.01412  0.004326         0   0.01844        44       160         1         1    0.9957    0.9135  0.005758  0.002093         0
     58/79    0.363G   0.01377  0.004215         0   0.01798        51       160     0.995         1    0.9957    0.9106  0.006116  0.002159         0
     59/79    0.363G   0.01329  0.004384         0   0.01768        41       160         1         1    0.9957    0.9093  0.006488   0.00219         0
     60/79    0.363G   0.01328  0.004172         0   0.01745        38       160     0.995         1    0.9957    0.8988  0.006535  0.002175         0
     61/79    0.363G   0.01312  0.004081         0    0.0172        42       160         1         1    0.9957    0.9081  0.005721  0.002141         0
     62/79    0.363G   0.01308  0.004187         0   0.01727        49       160         1         1    0.9956    0.9122  0.005949  0.002113         0
     63/79    0.363G   0.01261  0.004122         0   0.01673        47       160    0.9999         1    0.9957    0.9096  0.005789  0.002194         0
     64/79    0.363G   0.01271  0.003991         0    0.0167        43       160         1         1    0.9957    0.9268  0.005383  0.002139         0
     65/79    0.363G   0.01276  0.004057         0   0.01682        44       160     0.995         1    0.9957    0.9187   0.00601  0.002139         0
     66/79    0.363G   0.01317  0.004049         0   0.01722        46       160         1         1    0.9957    0.9211   0.00549  0.002098         0
     67/79    0.363G   0.01232  0.003947         0   0.01626        33       160         1         1    0.9957    0.9174  0.005852  0.002164         0
     68/79    0.363G   0.01219  0.003929         0   0.01612        45       160         1         1    0.9958    0.9197  0.005676  0.002111         0
     69/79    0.363G   0.01214  0.003906         0   0.01604        43       160         1         1    0.9958     0.921  0.005324  0.002149         0
     70/79    0.363G   0.01195  0.004067         0   0.01602        37       160         1         1    0.9957    0.9119  0.006267  0.002161         0
     71/79    0.363G   0.01237  0.004017         0   0.01639        42       160         1         1    0.9958    0.9229  0.005397  0.001997         0
     72/79    0.363G   0.01226   0.00395         0   0.01621        32       160         1         1    0.9957    0.9215  0.005442  0.001991         0
     73/79    0.363G   0.01201  0.003824         0   0.01583        44       160         1         1    0.9957    0.9138  0.005542   0.00204         0
     74/79    0.363G   0.01169  0.003703         0   0.01539        32       160         1         1    0.9957    0.9158  0.005679  0.002163         0
     75/79    0.363G    0.0118  0.003854         0   0.01566        40       160         1         1    0.9957    0.9206  0.005481  0.002095         0
     76/79    0.363G   0.01186   0.00377         0   0.01563        50       160         1         1    0.9957    0.9288  0.005054  0.002008         0
     77/79    0.363G   0.01135   0.00377         0   0.01512        41       160         1         1    0.9958    0.9338  0.005507  0.002052         0
     78/79    0.363G   0.01212   0.00373         0   0.01585        37       160         1         1    0.9957    0.9172  0.005375   0.00203         0
     79/79    0.363G   0.01109  0.003786         0   0.01488        43       160         1     0.995    0.9957    0.9093  0.006278   0.00204         0
