      0/79    0.841G     0.118   0.01112         0    0.1291        48       160  0.002854     0.275  0.001775 0.0002332   0.06769   0.01073         0
      1/79    0.893G    0.1126   0.01255         0    0.1252        48       160  0.004651     0.375  0.003335 0.0004877    0.0637    0.0115         0
      2/79    0.895G    0.1066    0.0127         0    0.1193        32       160  0.006137     0.535  0.005265 0.0008232   0.05872   0.01228         0
      3/79    0.895G   0.09564   0.01425         0    0.1099        37       160   0.09812     0.265   0.06148   0.01271   0.04762   0.01344         0
      4/79    0.895G    0.0722   0.01598         0   0.08817        39       160    0.4421     0.755    0.4933    0.1324   0.03569   0.01138         0
      5/79    0.895G    0.0593     0.013         0   0.07229        42       160    0.4604      0.79     0.467    0.2223   0.03697  0.008693         0
      6/79    0.895G   0.05652   0.01213         0   0.06865        41       160    0.4803      0.87    0.5776    0.2117   0.03365   0.00832         0
      7/79    0.895G   0.05265   0.01166         0   0.06432        48       160     0.749      0.84    0.8231    0.4344   0.02781  0.008188         0
      8/79    0.895G   0.04797   0.01153         0    0.0595        41       160    0.9549     0.955    0.9829    0.5794   0.02222  0.007926         0
      9/79    0.895G   0.04655   0.01099         0   0.05754        37       160    0.8883     0.845    0.9356    0.7103   0.02424  0.007086         0
     10/79    0.895G   0.04414   0.01004         0   0.05418        44       160    0.9553     0.975      0.99    0.7144   0.01774  0.007354         0
     11/79    0.895G    0.0414  0.009695         0    0.0511        38       160    0.9116    0.9798    0.9424    0.5697   0.01935  0.006038         0
     12/79    0.895G   0.03897  0.009069         0   0.04804        39       160    0.9849    0.9798    0.9897    0.6842   0.02231  0.005242         0
     13/79    0.895G   0.03835  0.008617         0   0.04696        46       160    0.9849      0.98    0.9937    0.6764    0.0184  0.005353         0
     14/79    0.895G    0.0371  0.008373         0   0.04548        44       160         1    0.9948     0.995    0.7966   0.01555  0.004885         0
     15/79    0.895G    0.0358  0.007786         0   0.04358        38       160    0.9899      0.99    0.9929    0.8332    0.0126  0.004685         0
     16/79    0.895G   0.03449  0.007671         0   0.04216        39       160    0.9899     0.985    0.9937     0.812   0.01492  0.004419         0
     17/79    0.895G   0.03906  0.007477         0   0.04654        38       160    0.9803    0.9948    0.9924    0.8324   0.01602  0.004525         0
     18/79    0.895G   0.03598  0.007496         0   0.04347        49       160    0.9901    0.9998    0.9942    0.8244   0.01333  0.004476         0
     19/79    0.895G     0.035  0.007229         0   0.04223        47       160    0.9949     0.975    0.9876    0.8279   0.01348  0.004441         0
     20/79    0.895G    0.0344  0.007039         0   0.04143        36       160    0.9755    0.9949    0.9946    0.8225   0.01166  0.004066         0
     21/79    0.895G   0.03273  0.006584         0   0.03931        37       160         1     0.995    0.9951    0.7452   0.01726  0.003815         0
     22/79    0.895G   0.03162  0.006513         0   0.03813        35       160    0.9949    0.9749    0.9931    0.8282   0.01481  0.003889         0
     23/79    0.895G    0.0314  0.006513         0   0.03791        46       160    0.9949     0.995     0.995    0.8435   0.01311  0.003836         0
     24/79    0.895G   0.03079  0.006507         0    0.0373        36       160    0.9901    0.9999    0.9951    0.8561  0.009903  0.003592         0
     25/79    0.895G    0.0279  0.006189         0   0.03409        39       160    0.9851     0.995    0.9948    0.8461   0.01072  0.003372         0
     26/79    0.895G   0.02674  0.006177         0   0.03292        41       160     0.995         1    0.9952    0.8695    0.0091  0.003007         0
     27/79    0.895G   0.02769  0.006179         0   0.03387        38       160     0.995         1    0.9951    0.8543   0.01012  0.003065         0
     28/79    0.895G   0.02555  0.005897         0   0.03145        41       160         1     0.995    0.9952     0.848   0.01075  0.003048         0
     29/79    0.895G   0.02341  0.005689         0    0.0291        50       160    0.9901         1    0.9951    0.8698  0.008704  0.002903         0
     30/79    0.895G   0.02484  0.005598         0   0.03044        40       160     0.995      0.99    0.9948    0.8647  0.009767  0.003049         0
     31/79    0.895G   0.02266  0.005551         0   0.02821        38       160         1         1    0.9952    0.8791  0.008847  0.002934         0
     32/79    0.895G   0.02201  0.005397         0    0.0274        47       160    0.9949     0.985    0.9947    0.8575  0.009445  0.002877         0
     33/79    0.895G   0.02227  0.005376         0   0.02765        41       160      0.99     0.995    0.9951    0.8789  0.008512  0.002777         0
     34/79    0.895G   0.02131  0.005283         0    0.0266        49       160     0.995         1    0.9951    0.8962  0.007329   0.00267         0
     35/79    0.895G   0.02006  0.005143         0    0.0252        42       160     0.995         1    0.9951    0.9067  0.008047  0.002593         0
     36/79    0.895G   0.02095  0.005144         0    0.0261        46       160    0.9901         1    0.9952    0.9025  0.007325   0.00257         0
     37/79    0.895G   0.02006  0.004946         0   0.02501        44       160    0.9949      0.99    0.9948    0.8921  0.007943    0.0028         0
     38/79    0.895G   0.01936  0.004922         0   0.02429        39       160     0.995         1    0.9953    0.8845  0.007098  0.002533         0
     39/79    0.895G    0.0186   0.00481         0   0.02341        45       160         1         1    0.9953    0.9203  0.007189  0.002577         0
     40/79    0.895G   0.01779  0.004685         0   0.02247        44       160     0.995         1    0.9954    0.9134   0.00706  0.002506         0
     41/79    0.895G   0.01807  0.004684         0   0.02275        40       160         1         1    0.9953    0.8934  0.006363  0.002367         0
     42/79    0.895G   0.01811   0.00452         0   0.02263        36       160     0.995         1    0.9954    0.9137  0.006422  0.002203         0
     43/79    0.895G   0.01722   0.00451         0   0.02173        37       160         1         1    0.9954    0.9177  0.005988  0.002317         0
     44/79    0.895G   0.01722  0.004573         0    0.0218        41       160         1         1    0.9954    0.9177  0.007208  0.002313         0
     45/79    0.895G     0.016  0.004361         0   0.02037        38       160         1    0.9999    0.9954    0.9118  0.005747  0.002343         0
     46/79    0.895G   0.01566  0.004292         0   0.01995        42       160         1         1    0.9954    0.9185  0.006735  0.002371         0
     47/79    0.895G   0.01446  0.004365         0   0.01883        39       160         1    0.9999    0.9954    0.9036  0.006766  0.002362         0
     48/79    0.895G   0.01495  0.004283         0   0.01923        42       160     0.995         1    0.9953    0.9396  0.005375  0.002275         0
     49/79    0.895G   0.01461  0.004016         0   0.01862        45       160         1         1    0.9955    0.9074  0.009175   0.00231         0
     50/79    0.895G   0.01499  0.003995         0   0.01898        39       160         1         1    0.9956    0.9054  0.006213  0.002155         0
     51/79    0.895G   0.01479  0.004167         0   0.01896        47       160         1         1    0.9957    0.9298  0.005646  0.002195         0
     52/79    0.895G   0.01444  0.004054         0   0.01849        31       160     0.995         1    0.9956    0.9119  0.005562  0.002141         0
     53/79    0.895G   0.01339  0.003976         0   0.01736        36       160         1         1    0.9956    0.9297  0.006062  0.002127         0
     54/79    0.895G   0.01279  0.003817         0   0.01661        51       160         1         1    0.9955    0.9361  0.004835  0.002084         0
     55/79    0.895G   0.01251  0.003713         0   0.01623        45       160         1         1    0.9957    0.9365  0.004815  0.002103         0
     56/79    0.895G   0.01255  0.003636         0   0.01619        37       160         1         1    0.9958    0.9366  0.005141  0.002131         0
     57/79    0.895G   0.01257  0.003912         0   0.01648        49       160         1         1    0.9957    0.9541  0.004851  0.002158         0
     58/79    0.895G   0.01186  0.003715         0   0.01557        42       160         1         1    0.9957    0.9231  0.005038  0.002124         0
     59/79    0.895G   0.01251  0.003722         0   0.01623        32       160         1         1    0.9957    0.9515    0.0047  0.002054         0
     60/79    0.895G   0.01194   0.00369         0   0.01563        43       160         1         1    0.9958    0.9226  0.005088  0.002097         0
     61/79    0.895G   0.01227  0.003699         0   0.01596        39       160         1         1    0.9957    0.9471  0.005027  0.002139         0
     62/79    0.895G   0.01186   0.00355         0   0.01541        41       160         1         1    0.9956     0.945  0.004502  0.002052         0
     63/79    0.895G   0.01108  0.003588         0   0.01467        44       160         1         1    0.9955    0.9445  0.004804  0.002122         0
     64/79    0.895G   0.01144  0.003575         0   0.01502        43       160         1         1    0.9955    0.9402  0.004767   0.00209         0
     65/79    0.895G   0.01127   0.00331         0   0.01458        41       160         1         1    0.9955    0.9529   0.00446  0.002086         0
     66/79    0.895G   0.01103  0.003399         0   0.01443        39       160         1         1    0.9955    0.9402  0.004795  0.002057         0
     67/79    0.895G   0.01059  0.003362         0   0.01395        32       160         1         1    0.9956    0.9387  0.004816  0.001976         0
     68/79    0.895G   0.01089  0.003281         0   0.01418        34       160         1         1    0.9956    0.9488  0.004587  0.002065         0
     69/79    0.895G    0.0106  0.003476         0   0.01408        42       160         1         1    0.9956    0.9427   0.00464  0.002083         0
     70/79    0.895G   0.01077  0.003404         0   0.01417        52       160         1         1    0.9957    0.9431  0.004573  0.001934         0
     71/79    0.895G    0.0104  0.003273         0   0.01367        37       160         1         1    0.9957    0.9549  0.004412   0.00183         0
     72/79    0.895G    0.0106  0.003289         0   0.01389        42       160         1         1    0.9957    0.9528  0.004685  0.001945         0
     73/79    0.895G  0.009954  0.003232         0   0.01319        42       160         1         1    0.9957    0.9544  0.004664  0.001909         0
     74/79    0.895G   0.00981  0.003164         0   0.01297        38       160         1         1    0.9957    0.9326   0.00533  0.001942         0
     75/79    0.895G   0.01023  0.003259         0   0.01349        43       160         1         1    0.9958    0.9433  0.004843  0.001873         0
     76/79    0.895G  0.009733  0.003147         0   0.01288        44       160         1         1    0.9958    0.9471  0.004535  0.001788         0
     77/79    0.895G  0.009866  0.003057         0   0.01292        48       160         1         1    0.9958    0.9559  0.004486  0.001762         0
     78/79    0.895G  0.009699  0.003249         0   0.01295        41       160         1         1    0.9959    0.9476  0.004322  0.001802         0
     79/79    0.895G   0.01031  0.003233         0   0.01354        36       160         1         1    0.9959    0.9447  0.004463  0.001752         0
